Int_t BadRuns[] = { 
15046073, 
15046089, 
15046094, 
15046096, 
15046102, 
15046103, 
15046104, 
15046105, 
15046106, 
15046107, 
15046108, 
15046109, 
15046110, 
15046111, 
15047004, 
15047015, 
15047016, 
15047019, 
15047021, 
15047023, 
15047024, 
15047026, 
15047027, 
15047028, 
15047029, 
15047030, 
15047039, 
15047040, 
15047041, 
15047044, 
15047047, 
15047050, 
15047052, 
15047053, 
15047056, 
15047057, 
15047061, 
15047062, 
15047063, 
15047064, 
15047065, 
15047068, 
15047069, 
15047070, 
15047071, 
15047072, 
15047074, 
15047075, 
15047082, 
15047085, 
15047086, 
15047087, 
15047093, 
15048017, 
15049027, 
15049077, 
15051131, 
15051132, 
15051133, 
15051141, 
15051144, 
15051148, 
15052067, 
15052068, 
15052069, 
15052070, 
15053027, 
15053028, 
15053029, 
15053034, 
15053035, 
15053052, 
15053054, 
15053055, 
15054053, 
15054054, 
15055018, 
15055137, 
15056117, 
15057055, 
15057059, 
15058006, 
15058011, 
15058021, 
15059057, 
15059058, 
15061001, 
15061009, 
15062006, 
15062069, 
15065012, 
15065014, 
15066070, 
15068013, 
15068014, 
15068016, 
15068018, 
15069036, 
15070008, 
15070009, 
15070010
};